# name: debug
# type: sparse matrix
# nnz: 36
# rows: 6
# columns: 6

1 1 2876187.19
2 1 662440.06
3 1 -531338.994
4 1 5903.00452
5 1 -31961.8577
6 1 -28114.8442
1 2 662440.06
2 2 1476724.62
3 2 -400513.43
4 2 23788.9704
5 2 -6217.33876
6 2 32868.1989
1 3 -531338.994
2 3 -400513.43
3 3 1723163.92
4 3 32108.3385
5 3 -45333.541
6 3 314.33424
1 4 5903.00452
2 4 23788.9704
3 4 32108.3385
4 4 3195.33665
5 4 -4307.73307
6 4 274.215718
1 5 -31961.8577
2 5 -6217.33876
3 5 -45333.541
4 5 -4307.73307
5 5 12080.3394
6 5 7109.99196
1 6 -28114.8442
2 6 32868.1989
3 6 314.33424
4 6 274.215718
5 6 7109.99196
6 6 8942.0596
